00883167000148
24063263000108
11922214000131
15884734000158
50153033000140
58172674000153
94831896000102
98486989000190
89384037000174
36197840000133
33912355000106
91933504000110
28102713000185
87388554000196
37750637000105
22575664000111
64915224000106
57756460000161
01223088000173
74655430000188
13428774000160
08699577000145
35881394000119
89585928000199
13502495000107
88798176000181
42293662000147
17087286000197
90414321000125
76334959000125
69531028000151
34455927000138
80787154000104
54497340000107
84795390000123
02566035000118
81225800000102
28899018000196
93997505000153
90344093000164
26251227000101
42466420000108
75294866000151
83891166000172
52626284000120
58709222000168
83168539000181
96743140000129
44065389000129
01531684000110